0  0  0  0.4922
0.0039  0.0078  0  0.4922
0.0078  0.0156  0  0.4922
0.0118  0.0234  0  0.4922
0.0157  0.0313  0  0.4922
0.0196  0.0391  0  0.4922
0.0235  0.0469  0  0.4922
0.0275  0.0547  0  0.4922
0.0314  0.0625  0  0.4922
0.0353  0.0703  0  0.4922
0.0392  0.0781  0  0.4922
0.0431  0.0859  0  0.4922
0.0471  0.0938  0  0.4922
0.0510  0.1016  0  0.4922
0.0549  0.1094  0  0.4922
0.0588  0.1172  0  0.4922
0.0627  0.1250  0  0.4922
0.0667  0.1328  0  0.4922
0.0706  0.1406  0  0.4922
0.0745  0.1484  0  0.4922
0.0784  0.1563  0  0.4922
0.0824  0.1641  0  0.4922
0.0863  0.1719  0  0.4922
0.0902  0.1797  0  0.4922
0.0941  0.1875  0  0.4922
0.0980  0.1953  0  0.4922
0.1020  0.2031  0  0.4922
0.1059  0.2109  0  0.4922
0.1098  0.2188  0  0.4922
0.1137  0.2266  0  0.4922
0.1176  0.2344  0  0.4922
0.1216  0.2422  0  0.4922
0.1255  0.2500  0  0.4922
0.1294  0.2578  0  0.4922
0.1333  0.2656  0  0.4922
0.1373  0.2734  0  0.4922
0.1412  0.2813  0  0.4922
0.1451  0.2891  0  0.4922
0.1490  0.2969  0  0.4922
0.1529  0.3047  0  0.4922
0.1569  0.3125  0  0.4922
0.1608  0.3203  0  0.4922
0.1647  0.3242  0  0.4922
0.1686  0.3320  0  0.4922
0.1725  0.3398  0  0.4922
0.1765  0.3477  0  0.4961
0.1804  0.3555  0  0.4961
0.1843  0.3633  0  0.4961
0.1882  0.3711  0  0.4961
0.1922  0.3789  0  0.4961
0.1961  0.3867  0  0.4961
0.2000  0.3945  0  0.4961
0.2039  0.4023  0  0.4961
0.2078  0.4102  0  0.4961
0.2118  0.4180  0  0.4961
0.2157  0.4258  0  0.4961
0.2196  0.4336  0  0.4961
0.2235  0.4414  0  0.4961
0.2275  0.4492  0  0.4961
0.2314  0.4570  0  0.4961
0.2353  0.4649  0  0.4961
0.2392  0.4727  0  0.4961
0.2431  0.4805  0  0.4961
0.2471  0.4883  0  0.4961
0.2510  0.4961  0  0.4961
0.2549  0.5039  0.0078  0.4961
0.2588  0.5117  0.0156  0.4961
0.2627  0.5195  0.0234  0.4961
0.2667  0.5273  0.0352  0.4961
0.2706  0.5351  0.0430  0.4961
0.2745  0.5430  0.0508  0.4961
0.2784  0.5508  0.0547  0.4961
0.2824  0.5586  0.0664  0.4961
0.2863  0.5664  0.0703  0.4961
0.2902  0.5742  0.0781  0.4961
0.2941  0.5820  0.0859  0.4961
0.2980  0.5898  0.0977  0.4961
0.3020  0.5977  0.1055  0.4961
0.3059  0.6055  0.1133  0.4961
0.3098  0.6133  0.1211  0.4961
0.3137  0.6211  0.1289  0.4961
0.3176  0.6289  0.1328  0.4961
0.3216  0.6367  0.1445  0.4961
0.3255  0.6445  0.1523  0.4961
0.3294  0.6523  0.1563  0.4961
0.3333  0.6602  0.1641  0.4961
0.3373  0.6680  0.1719  0.4961
0.3412  0.6797  0.1836  0.4961
0.3451  0.6875  0.1914  0.4961
0.3490  0.6953  0.1992  0.4961
0.3529  0.7031  0.2031  0.4961
0.3569  0.7109  0.2109  0.4961
0.3608  0.7187  0.2227  0.4961
0.3647  0.7266  0.2305  0.4961
0.3686  0.7344  0.2383  0.4961
0.3725  0.7422  0.2461  0.4961
0.3765  0.7500  0.2500  0.4961
0.3804  0.7578  0.2578  0.4961
0.3843  0.7656  0.2656  0.4961
0.3882  0.7734  0.2734  0.4961
0.3922  0.7812  0.2852  0.4961
0.3961  0.7891  0.2930  0.4961
0.4000  0.7969  0.3008  0.4961
0.4039  0.8047  0.3086  0.4961
0.4078  0.8125  0.3164  0.4961
0.4118  0.8203  0.3242  0.4961
0.4157  0.8281  0.3281  0.4961
0.4196  0.8359  0.3398  0.4961
0.4235  0.8437  0.3477  0.4961
0.4275  0.8516  0.3555  0.4961
0.4314  0.8594  0.3633  0.4961
0.4353  0.8672  0.3672  0.4961
0.4392  0.8750  0.3789  0.4961
0.4431  0.8828  0.3828  0.4961
0.4471  0.8906  0.3906  0.4961
0.4510  0.8984  0.3984  0.4961
0.4549  0.9062  0.4102  0.4961
0.4588  0.9141  0.4180  0.4961
0.4627  0.9219  0.4258  0.4961
0.4667  0.9297  0.4336  0.4961
0.4706  0.9375  0.4414  0.4961
0.4745  0.9453  0.4492  0.4961
0.4784  0.9531  0.4531  0.4961
0.4824  0.9609  0.4609  0.4961
0.4863  0.9688  0.4727  0.4961
0.4902  0.9766  0.4766  0.4961
0.4941  0.9844  0.4883  0.4961
0.4980  0.9922  0.4922  0.4961
0.5020  0.9961  0.5039  0.4961
0.5059  0.9961  0.5117  0.4961
0.5098  0.9961  0.5156  0.4961
0.5137  0.9961  0.5234  0.4961
0.5176  0.9961  0.5312  0.4961
0.5216  0.9961  0.5391  0.4961
0.5255  0.9961  0.5508  0.4961
0.5294  0.9961  0.5586  0.4961
0.5333  0.9961  0.5664  0.4961
0.5373  0.9961  0.5742  0.4922
0.5412  0.9961  0.5820  0.4922
0.5451  0.9961  0.5898  0.4922
0.5490  0.9961  0.5977  0.4922
0.5529  0.9961  0.6055  0.4922
0.5569  0.9961  0.6133  0.4922
0.5608  0.9961  0.6211  0.4922
0.5647  0.9961  0.6289  0.4922
0.5686  0.9961  0.6367  0.4922
0.5725  0.9961  0.6445  0.4922
0.5765  0.9961  0.6523  0.4922
0.5804  0.9961  0.6602  0.4922
0.5843  0.9961  0.6680  0.4922
0.5882  0.9961  0.6758  0.4922
0.5922  0.9961  0.6836  0.4922
0.5961  0.9961  0.6914  0.4922
0.6000  0.9961  0.6992  0.4922
0.6039  0.9961  0.7070  0.4922
0.6078  0.9961  0.7148  0.4922
0.6118  0.9961  0.7227  0.4922
0.6157  0.9961  0.7305  0.4922
0.6196  0.9961  0.7383  0.4922
0.6235  0.9961  0.7461  0.4922
0.6275  0.9961  0.7539  0.4922
0.6314  0.9961  0.7617  0.4922
0.6353  0.9961  0.7695  0.4922
0.6392  0.9961  0.7773  0.4922
0.6431  0.9961  0.7852  0.4922
0.6471  0.9961  0.7930  0.4922
0.6510  0.9961  0.8008  0.4922
0.6549  0.9961  0.8086  0.4922
0.6588  0.9961  0.8164  0.4922
0.6627  0.9961  0.8242  0.4922
0.6667  0.9961  0.8320  0.4922
0.6706  0.9961  0.8398  0.4922
0.6745  0.9961  0.8477  0.4922
0.6784  0.9961  0.8555  0.4922
0.6824  0.9961  0.8633  0.4922
0.6863  0.9961  0.8711  0.4922
0.6902  0.9961  0.8789  0.4922
0.6941  0.9961  0.8867  0.4922
0.6980  0.9961  0.8945  0.4922
0.7020  0.9961  0.9023  0.4883
0.7059  0.9961  0.9102  0.4883
0.7098  0.9961  0.9180  0.4883
0.7137  0.9961  0.9258  0.4883
0.7176  0.9961  0.9297  0.4883
0.7216  0.9961  0.9414  0.4883
0.7255  0.9961  0.9453  0.4883
0.7294  0.9961  0.9570  0.4883
0.7333  0.9961  0.9648  0.4883
0.7373  0.9961  0.9727  0.4883
0.7412  0.9961  0.9805  0.4883
0.7451  0.9961  0.9883  0.4883
0.7490  0.9961  0.9961  0.4883
0.7529  0.9961  0.9961  0.4922
0.7569  0.9961  0.9961  0.4961
0.7608  0.9961  0.9961  0.5000
0.7647  0.9961  0.9961  0.5039
0.7686  0.9961  0.9961  0.5078
0.7725  0.9961  0.9961  0.5117
0.7765  0.9961  0.9961  0.5195
0.7804  0.9961  0.9961  0.5234
0.7843  0.9961  0.9961  0.5273
0.7882  0.9961  0.9961  0.5312
0.7922  0.9961  0.9961  0.5351
0.7961  0.9961  0.9961  0.5391
0.8000  0.9961  0.9961  0.5430
0.8039  0.9961  0.9961  0.5469
0.8078  0.9961  0.9961  0.5508
0.8118  0.9961  0.9961  0.5547
0.8157  0.9961  0.9961  0.5586
0.8196  0.9961  0.9961  0.5664
0.8235  0.9961  0.9961  0.5703
0.8275  0.9961  0.9961  0.5742
0.8314  0.9961  0.9961  0.5781
0.8353  0.9961  0.9961  0.5820
0.8392  0.9961  0.9961  0.5859
0.8431  0.9961  0.9961  0.5898
0.8471  0.9961  0.9961  0.5937
0.8510  0.9961  0.9961  0.5977
0.8549  0.9961  0.9961  0.6016
0.8588  0.9961  0.9961  0.6055
0.8627  0.9961  0.9961  0.6133
0.8667  0.9961  0.9961  0.6172
0.8706  0.9961  0.9961  0.6211
0.8745  0.9961  0.9961  0.6250
0.8784  0.9961  0.9961  0.6289
0.8824  0.9961  0.9961  0.6328
0.8863  0.9961  0.9961  0.6367
0.8902  0.9961  0.9961  0.6406
0.8941  0.9961  0.9961  0.6445
0.8980  0.9961  0.9961  0.6484
0.9020  0.9961  0.9961  0.6523
0.9059  0.9961  0.9961  0.6602
0.9098  0.9961  0.9961  0.6641
0.9137  0.9961  0.9961  0.6680
0.9176  0.9961  0.9961  0.6719
0.9216  0.9961  0.9961  0.6758
0.9255  0.9961  0.9961  0.6797
0.9294  0.9961  0.9961  0.6836
0.9333  0.9961  0.9961  0.6875
0.9373  0.9961  0.9961  0.6914
0.9412  0.9961  0.9961  0.6953
0.9451  0.9961  0.9961  0.6992
0.9490  0.9961  0.9961  0.7070
0.9529  0.9961  0.9961  0.7109
0.9569  0.9961  0.9961  0.7148
0.9608  0.9961  0.9961  0.7187
0.9647  0.9961  0.9961  0.7227
0.9686  0.9961  0.9961  0.7266
0.9725  0.9961  0.9961  0.7305
0.9765  0.9961  0.9961  0.7344
0.9804  0.9961  0.9961  0.7383
0.9843  0.9961  0.9961  0.7422
0.9882  0.9961  0.9961  0.7461
0.9922  0.9961  0.9961  0.7539
0.9961  0.9961  0.9961  0.7578
1.0000  0.9961  0.9961  0.7617