0  0  0  0
0.007874  0.0887312  0  0.0494545
0.015748  0.12549  0  0.0987869
0.023622  0.153689  1.5259e-05  0.147875
0.031496  0.177478  3.0518e-05  0.196612
0.03937  0.198413  6.10361e-05  0.244862
0.047244  0.21735  0.000106813  0.2925
0.055118  0.234775  0.000167849  0.339437
0.062992  0.25098  0.000244144  0.385534
0.070866  0.266209  0.000350958  0.430701
0.07874  0.280613  0.000488289  0.4748
0.086614  0.294301  0.000656138  0.517739
0.094488  0.307393  0.000839246  0.559426
0.102362  0.319936  0.00106813  0.599725
0.110236  0.332021  0.00134279  0.63856
0.11811  0.343679  0.00164797  0.675837
0.125984  0.35494  0.00199893  0.711467
0.133858  0.365866  0.00239567  0.745342
0.141732  0.376471  0.00285344  0.777401
0.149606  0.386786  0.00334173  0.807568
0.15748  0.396841  0.00390631  0.835737
0.165354  0.406638  0.00451667  0.861875
0.173228  0.416205  0.00520333  0.885893
0.181102  0.425559  0.00593576  0.907759
0.188976  0.434714  0.00674449  0.927398
0.19685  0.443671  0.00762951  0.944762
0.204724  0.452461  0.00857557  0.959808
0.212598  0.461082  0.00961318  0.972519
0.220472  0.469551  0.0107118  0.982834
0.228346  0.477852  0.011902  0.990753
0.23622  0.48603  0.0131838  0.996262
0.244094  0.494057  0.0145418  0.999313
0.251969  0.501961  0.0159915  0.999924
0.259843  0.509743  0.0175479  0.998093
0.267717  0.517418  0.0191806  0.993805
0.275591  0.524971  0.0209354  0.987106
0.283465  0.532418  0.0227817  0.977981
0.291339  0.539757  0.0247349  0.966461
0.299213  0.547005  0.0267948  0.952575
0.307087  0.554147  0.0289616  0.936355
0.314961  0.561212  0.0312505  0.917845
0.322835  0.568185  0.0336461  0.897108
0.330709  0.575067  0.0361639  0.874159
0.338583  0.581872  0.038819  0.849073
0.346457  0.588602  0.0415808  0.821897
0.354331  0.595254  0.04448  0.792721
0.362205  0.601831  0.0475166  0.761608
0.370079  0.608347  0.0506905  0.728634
0.377953  0.614786  0.0539864  0.693874
0.385827  0.621149  0.057435  0.657404
0.393701  0.627451  0.0610208  0.619333
0.401575  0.633692  0.0647593  0.579751
0.409449  0.639887  0.0686503  0.53875
0.417323  0.646006  0.0726787  0.496422
0.425197  0.652064  0.076875  0.452888
0.433071  0.658076  0.0812238  0.40824
0.440945  0.664042  0.0857404  0.3626
0.448819  0.669932  0.0904097  0.31606
0.456693  0.675792  0.0952468  0.268757
0.464567  0.68159  0.100267  0.220798
0.472441  0.687343  0.105455  0.17229
0.480315  0.69305  0.110811  0.123369
0.488189  0.698711  0.11635  0.0741436
0.496063  0.704311  0.122072  0.0247349
0.503937  0.70988  0.127977  0
0.511811  0.715404  0.134066  0
0.519685  0.720897  0.140352  0
0.527559  0.726329  0.146822  0
0.535433  0.731731  0.153506  0
0.543307  0.737087  0.160372  0
0.551181  0.742412  0.167453  0
0.559055  0.747707  0.174731  0
0.566929  0.752941  0.182223  0
0.574803  0.75816  0.189914  0
0.582677  0.763333  0.197833  0
0.590551  0.768475  0.205951  0
0.598425  0.773571  0.214298  0
0.606299  0.778653  0.222873  0
0.614173  0.783688  0.231678  0
0.622047  0.788693  0.240696  0
0.629921  0.793683  0.249958  0
0.637795  0.798627  0.259449  0
0.645669  0.80354  0.269169  0
0.653543  0.808423  0.279149  0
0.661417  0.813275  0.289357  0
0.669291  0.818097  0.299809  0
0.677165  0.822904  0.310521  0
0.685039  0.827665  0.321477  0
0.692913  0.83241  0.332692  0
0.700787  0.837125  0.344152  0
0.708661  0.841825  0.355886  0
0.716535  0.846479  0.36788  0
0.724409  0.851118  0.380148  0
0.732283  0.855741  0.392676  0
0.740157  0.860319  0.405478  0
0.748031  0.864881  0.418555  0
0.755906  0.869429  0.431922  0
0.76378  0.873945  0.445563  0
0.771654  0.878431  0.45948  0
0.779528  0.882902  0.473686  0
0.787402  0.887358  0.488197  0
0.795276  0.891783  0.502983  0
0.80315  0.896193  0.518074  0
0.811024  0.900572  0.533455  0
0.818898  0.904936  0.549142  0
0.826772  0.90927  0.565148  0
0.834646  0.913588  0.581445  0
0.84252  0.917891  0.598047  0
0.850394  0.922164  0.614984  0
0.858268  0.926421  0.632227  0
0.866142  0.930663  0.649775  0
0.874016  0.93489  0.667659  0
0.88189  0.939086  0.685878  0
0.889764  0.943267  0.704402  0
0.897638  0.947433  0.723278  0
0.905512  0.951583  0.742473  0
0.913386  0.955718  0.76202  0
0.92126  0.959823  0.781888  0
0.929134  0.963912  0.802106  0
0.937008  0.967987  0.822675  0
0.944882  0.972045  0.843595  0
0.952756  0.976089  0.864851  0
0.96063  0.980117  0.886473  0
0.968504  0.984131  0.908461  0
0.976378  0.988113  0.9308  0
0.984252  0.992096  0.953491  0
0.992126  0.996048  0.976562  0
1  1  1  0