0  0.2081  0.1663  0.5292
0.0039216  0.2089  0.17094  0.53871
0.0078431  0.2097  0.17557  0.54823
0.011765  0.21042  0.18021  0.55778
0.015686  0.21104  0.18485  0.56739
0.019608  0.2116  0.18948  0.57706
0.023529  0.212  0.1942  0.58673
0.027451  0.21228  0.19891  0.59641
0.031373  0.21244  0.20363  0.60612
0.035294  0.21246  0.20837  0.61589
0.039216  0.2123  0.21316  0.62572
0.043137  0.2119  0.21796  0.63556
0.047059  0.21139  0.22281  0.64545
0.05098  0.21063  0.22773  0.65536
0.054902  0.20961  0.23269  0.66527
0.058824  0.20841  0.23764  0.67518
0.062745  0.20674  0.24268  0.68517
0.066667  0.20483  0.24771  0.69517
0.070588  0.20256  0.25283  0.7052
0.07451  0.19989  0.258  0.71527
0.078431  0.19685  0.26312  0.72534
0.082353  0.1931  0.26839  0.73541
0.086275  0.18893  0.27367  0.74549
0.090196  0.18419  0.27902  0.7556
0.094118  0.17883  0.28449  0.76577
0.098039  0.17292  0.29009  0.776
0.10196  0.16598  0.29592  0.78623
0.10588  0.15827  0.30199  0.79641
0.1098  0.14974  0.30826  0.8066
0.11373  0.1403  0.31475  0.81675
0.11765  0.12975  0.32154  0.82667
0.12157  0.11795  0.32865  0.83611
0.12549  0.10536  0.33588  0.84496
0.12941  0.092152  0.34308  0.85303
0.13333  0.078562  0.35014  0.86016
0.13725  0.064973  0.35701  0.86623
0.14118  0.05185  0.36334  0.87091
0.1451  0.039375  0.36931  0.87468
0.14902  0.028536  0.37496  0.87767
0.15294  0.019948  0.38027  0.87993
0.15686  0.013793  0.38515  0.88145
0.16078  0.0097285  0.38979  0.88243
0.16471  0.0071085  0.3942  0.88304
0.16863  0.0056643  0.39844  0.88334
0.17255  0.0051517  0.40254  0.88335
0.17647  0.0053915  0.40646  0.88311
0.18039  0.0064025  0.41022  0.88264
0.18431  0.0079552  0.41392  0.88199
0.18824  0.0098987  0.41753  0.88119
0.19216  0.012142  0.42103  0.8803
0.19608  0.0147  0.42447  0.87934
0.2  0.017565  0.42783  0.87822
0.20392  0.020613  0.43113  0.87699
0.20784  0.023804  0.4344  0.87571
0.21176  0.027098  0.43766  0.8744
0.21569  0.030455  0.44086  0.87296
0.21961  0.033889  0.44398  0.87152
0.22353  0.037439  0.4471  0.87003
0.22745  0.040964  0.45018  0.86847
0.23137  0.044352  0.45322  0.86687
0.23529  0.04755  0.45626  0.86528
0.23922  0.050518  0.45929  0.86368
0.24314  0.053364  0.46233  0.86202
0.24706  0.05609  0.46533  0.86031
0.25098  0.05868  0.46829  0.85856
0.2549  0.061078  0.47125  0.85689
0.25882  0.063324  0.47421  0.85513
0.26275  0.065451  0.47716  0.85343
0.26667  0.067422  0.48012  0.85171
0.27059  0.069229  0.48308  0.84996
0.27451  0.070908  0.48604  0.8482
0.27843  0.072435  0.489  0.84651
0.28235  0.073843  0.49201  0.84483
0.28627  0.075131  0.49501  0.84316
0.2902  0.076284  0.49798  0.84149
0.29412  0.077244  0.50102  0.83989
0.29804  0.077977  0.50413  0.8383
0.30196  0.078586  0.5072  0.83675
0.30588  0.079076  0.5103  0.83527
0.3098  0.079415  0.5135  0.83384
0.31373  0.079495  0.5167  0.83249
0.31765  0.07935  0.51997  0.8312
0.32157  0.079026  0.52325  0.82998
0.32549  0.078452  0.52663  0.82885
0.32941  0.077594  0.53015  0.82785
0.33333  0.076475  0.53367  0.82705
0.33725  0.075057  0.53726  0.82633
0.34118  0.0734  0.54096  0.82566
0.3451  0.071503  0.54476  0.82509
0.34902  0.069367  0.54859  0.82464
0.35294  0.066969  0.55243  0.82432
0.35686  0.064423  0.55641  0.824
0.36078  0.061648  0.56041  0.82379
0.36471  0.058702  0.56441  0.8236
0.36863  0.05565  0.56841  0.82336
0.37255  0.052532  0.5724  0.82312
0.37647  0.049415  0.5764  0.82288
0.38039  0.046297  0.58034  0.82253
0.38431  0.043247  0.58423  0.8221
0.38824  0.040303  0.58806  0.82159
0.39216  0.037426  0.5919  0.82095
0.39608  0.03499  0.59559  0.82009
0.4  0.03286  0.59916  0.81916
0.40392  0.030996  0.60264  0.8181
0.40784  0.029371  0.60607  0.81687
0.41176  0.028012  0.60942  0.81551
0.41569  0.026873  0.61263  0.81401
0.41961  0.025967  0.61578  0.81238
0.42353  0.025267  0.61886  0.81064
0.42745  0.024734  0.62187  0.80877
0.43137  0.024334  0.62475  0.80677
0.43529  0.024008  0.62756  0.80463
0.43922  0.023794  0.6303  0.80236
0.44314  0.023634  0.63299  0.80001
0.44706  0.023474  0.63561  0.79759
0.45098  0.023314  0.63817  0.79503
0.4549  0.023155  0.64065  0.79247
0.45882  0.023047  0.64308  0.78976
0.46275  0.022967  0.64545  0.78696
0.46667  0.022875  0.64776  0.78415
0.47059  0.022715  0.65008  0.78127
0.47451  0.0227  0.65233  0.77832
0.47843  0.022962  0.65451  0.77531
0.48235  0.023394  0.65667  0.77224
0.48627  0.023898  0.65882  0.76911
0.4902  0.024537  0.6609  0.76591
0.49412  0.025826  0.66297  0.76264
0.49804  0.027289  0.66505  0.75937
0.50196  0.028967  0.6671  0.75606
0.50588  0.030981  0.66909  0.7527
0.5098  0.033539  0.671  0.74934
0.51373  0.036313  0.67299  0.74584
0.51765  0.039628  0.67494  0.74232
0.52157  0.043351  0.67683  0.73881
0.52549  0.047268  0.67868  0.73528
0.52941  0.051185  0.6806  0.73168
0.53333  0.055745  0.68244  0.72801
0.53725  0.060228  0.68428  0.72434
0.54118  0.064875  0.68612  0.7206
0.5451  0.069911  0.68795  0.71677
0.54902  0.074947  0.68971  0.71301
0.55294  0.080125  0.69147  0.70918
0.55686  0.085526  0.69322  0.7053
0.56078  0.090979  0.69498  0.70135
0.56471  0.096423  0.69673  0.69735
0.56863  0.10242  0.69841  0.69335
0.57255  0.10827  0.70009  0.68929
0.57647  0.11426  0.70177  0.68521
0.58039  0.1204  0.70345  0.6811
0.58431  0.12662  0.70511  0.67695
0.58824  0.13278  0.70671  0.67279
0.59216  0.13935  0.70831  0.66849
0.59608  0.14589  0.70991  0.66423
0.6  0.15252  0.71151  0.65993
0.60392  0.15939  0.7131  0.65554
0.60784  0.16626  0.71462  0.65122
0.61176  0.17321  0.7162  0.64677
0.61569  0.18036  0.7177  0.64229
0.61961  0.18758  0.71917  0.63778
0.62353  0.19475  0.72068  0.63323
0.62745  0.20235  0.72212  0.62867
0.63137  0.20994  0.72356  0.62405
0.63529  0.21758  0.725  0.61941
0.63922  0.22538  0.72638  0.61477
0.64314  0.23336  0.72767  0.61013
0.64706  0.24128  0.72902  0.60541
0.65098  0.24954  0.73031  0.60062
0.6549  0.25785  0.73159  0.59588
0.65882  0.26616  0.73284  0.59113
0.66275  0.27453  0.73404  0.58634
0.66667  0.28333  0.73524  0.58154
0.67059  0.29198  0.73637  0.57674
0.67451  0.30076  0.73744  0.57195
0.67843  0.30969  0.73848  0.56718
0.68235  0.31872  0.73951  0.56245
0.68627  0.32767  0.74047  0.55766
0.6902  0.3369  0.74136  0.553
0.69412  0.34612  0.74224  0.54831
0.69804  0.35532  0.74309  0.54366
0.70196  0.36454  0.74387  0.5391
0.70588  0.37397  0.74451  0.53454
0.7098  0.38326  0.74515  0.53006
0.71373  0.39258  0.74574  0.52568
0.71765  0.40194  0.74627  0.52136
0.72157  0.41127  0.74675  0.51706
0.72549  0.42047  0.74723  0.5129
0.72941  0.42973  0.74757  0.50881
0.73333  0.43886  0.74794  0.50474
0.73725  0.44792  0.74828  0.50072
0.74118  0.457  0.74852  0.49681
0.7451  0.46588  0.74868  0.49297
0.74902  0.47475  0.74884  0.4892
0.75294  0.48353  0.749  0.48549
0.75686  0.49221  0.7491  0.48184
0.76078  0.50083  0.74911  0.47825
0.76471  0.5093  0.74919  0.47465
0.76863  0.51778  0.7492  0.47119
0.77255  0.52611  0.74915  0.46775
0.77647  0.53434  0.74907  0.46434
0.78039  0.54256  0.74899  0.46098
0.78431  0.55063  0.74891  0.45763
0.78824  0.55864  0.74877  0.4544
0.79216  0.56659  0.74861  0.45116
0.79608  0.57447  0.74842  0.44794
0.8  0.5823  0.74818  0.44482
0.80392  0.59005  0.74794  0.4417
0.80784  0.59774  0.7477  0.43865
0.81176  0.60532  0.74746  0.43557
0.81569  0.61283  0.74719  0.4325
0.81961  0.62034  0.74687  0.42954
0.82353  0.62778  0.74655  0.42659
0.82745  0.63514  0.74617  0.42363
0.83137  0.64245  0.74581  0.42072
0.83529  0.64972  0.74547  0.41784
0.83922  0.65699  0.74507  0.41496
0.84314  0.6641  0.74467  0.41209
0.84706  0.67121  0.74427  0.40927
0.85098  0.67828  0.74382  0.40648
0.8549  0.68532  0.74337  0.40368
0.85882  0.69234  0.74296  0.40088
0.86275  0.69921  0.74248  0.39808
0.86667  0.70615  0.742  0.39535
0.87059  0.71302  0.74152  0.39263
0.87451  0.71981  0.74102  0.38992
0.87843  0.72661  0.74046  0.3872
0.88235  0.7334  0.73998  0.38448
0.88627  0.74013  0.73944  0.38176
0.8902  0.7468  0.73888  0.37909
0.89412  0.75343  0.73832  0.37643
0.89804  0.76007  0.73777  0.37371
0.90196  0.7667  0.73729  0.37108
0.90588  0.77327  0.73668  0.36844
0.9098  0.77983  0.73608  0.36575
0.91373  0.78636  0.73552  0.36306
0.91765  0.79283  0.73496  0.36042
0.92157  0.79931  0.7344  0.35779
0.92549  0.80572  0.73384  0.35508
0.92941  0.81216  0.73328  0.35241
0.93333  0.81861  0.73272  0.34975
0.93725  0.825  0.73216  0.34703
0.94118  0.83131  0.73161  0.34431
0.9451  0.83769  0.73105  0.34159
0.94902  0.84404  0.73049  0.33888
0.95294  0.85036  0.72993  0.33616
0.95686  0.85667  0.72937  0.33343
0.96078  0.86299  0.72889  0.33055
0.96471  0.86924  0.72841  0.32774
0.96863  0.87547  0.72793  0.3249
0.97255  0.88173  0.72748  0.32202
0.97647  0.88804  0.72708  0.31914
0.98039  0.89419  0.72668  0.31618
0.98431  0.90041  0.72634  0.31309
0.98824  0.90665  0.72607  0.30998
0.99216  0.91286  0.72583  0.30683
0.99608  0.91901  0.7256  0.30363
1  0.92517  0.7256  0.30027