0  0  0  0.49219
0.003922  0  0.0078126  0.49219
0.007843  0  0.015625  0.49219
0.011765  0  0.023438  0.49219
0.015686  0  0.031251  0.49219
0.019608  0  0.039063  0.49219
0.023529  0  0.046876  0.49219
0.027451  0  0.054688  0.49219
0.031373  0  0.062501  0.49219
0.035294  0  0.070314  0.49219
0.039216  0  0.078126  0.49219
0.043137  0  0.085939  0.49219
0.047059  0  0.093751  0.49219
0.05098  0  0.10156  0.49219
0.054902  0  0.10938  0.49219
0.058824  0  0.11719  0.49219
0.062745  0  0.125  0.49219
0.066667  0  0.13281  0.49219
0.070588  0  0.14063  0.49219
0.07451  0  0.14844  0.49219
0.078431  0  0.15625  0.49219
0.082353  0  0.16406  0.49219
0.086275  0  0.17188  0.49219
0.090196  0  0.17969  0.49219
0.094118  0  0.1875  0.49219
0.098039  0  0.19531  0.49219
0.10196  0  0.20313  0.49219
0.10588  0  0.21094  0.49219
0.1098  0  0.21875  0.49219
0.11373  0  0.22657  0.49219
0.11765  0  0.23438  0.49219
0.12157  0  0.24219  0.49219
0.12549  0  0.25  0.49219
0.12941  0  0.25782  0.49219
0.13333  0  0.26563  0.49219
0.13725  0  0.27344  0.49219
0.14118  0  0.28125  0.49219
0.1451  0  0.28907  0.49219
0.14902  0  0.29688  0.49219
0.15294  0  0.30469  0.49219
0.15686  0  0.3125  0.49219
0.16078  0  0.32032  0.49219
0.16471  0  0.32422  0.49219
0.16863  0  0.33204  0.49219
0.17255  0  0.33985  0.49219
0.17647  0  0.34766  0.4961
0.18039  0  0.35547  0.4961
0.18431  0  0.36329  0.4961
0.18824  0  0.3711  0.4961
0.19216  0  0.37891  0.4961
0.19608  0  0.38672  0.4961
0.2  0  0.39454  0.4961
0.20392  0  0.40235  0.4961
0.20784  0  0.41016  0.4961
0.21177  0  0.41797  0.4961
0.21569  0  0.42579  0.4961
0.21961  0  0.4336  0.4961
0.22353  0  0.44141  0.4961
0.22745  0  0.44923  0.4961
0.23137  0  0.45704  0.4961
0.23529  0  0.46485  0.4961
0.23922  0  0.47266  0.4961
0.24314  0  0.48048  0.4961
0.24706  0  0.48827  0.4961
0.25098  0  0.4961  0.4961
0.2549  0.0078126  0.5039  0.4961
0.25882  0.015625  0.51173  0.4961
0.26275  0.023438  0.51952  0.4961
0.26667  0.035157  0.52734  0.4961
0.27059  0.042969  0.53515  0.4961
0.27451  0.050782  0.54296  0.4961
0.27843  0.054688  0.55077  0.4961
0.28235  0.066407  0.55859  0.4961
0.28628  0.070314  0.5664  0.4961
0.2902  0.078126  0.57421  0.4961
0.29412  0.085939  0.58203  0.4961
0.29804  0.097658  0.58984  0.4961
0.30196  0.10547  0.59765  0.4961
0.30588  0.11328  0.60546  0.4961
0.3098  0.1211  0.61328  0.4961
0.31372  0.12891  0.62109  0.4961
0.31765  0.13281  0.6289  0.4961
0.32157  0.14453  0.63671  0.4961
0.32549  0.15235  0.64453  0.4961
0.32941  0.15625  0.65234  0.4961
0.33333  0.16406  0.66015  0.4961
0.33726  0.17188  0.66796  0.4961
0.34118  0.1836  0.67968  0.4961
0.3451  0.19141  0.68749  0.4961
0.34902  0.19922  0.69531  0.4961
0.35294  0.20313  0.70312  0.4961
0.35686  0.21094  0.71093  0.4961
0.36078  0.22266  0.71875  0.4961
0.36471  0.23047  0.72656  0.4961
0.36863  0.23828  0.73437  0.4961
0.37255  0.2461  0.74218  0.4961
0.37647  0.25  0.75  0.4961
0.38039  0.25782  0.75781  0.4961
0.38431  0.26563  0.76562  0.4961
0.38823  0.27344  0.77343  0.4961
0.39216  0.28516  0.78125  0.4961
0.39608  0.29297  0.78906  0.4961
0.4  0.30079  0.79687  0.4961
0.40392  0.3086  0.80468  0.4961
0.40784  0.31641  0.8125  0.4961
0.41176  0.32422  0.82031  0.4961
0.41569  0.32813  0.82812  0.4961
0.41961  0.33985  0.83593  0.4961
0.42353  0.34766  0.84375  0.4961
0.42745  0.35547  0.85156  0.4961
0.43137  0.36329  0.85937  0.4961
0.43529  0.36719  0.86718  0.4961
0.43922  0.37891  0.875  0.4961
0.44314  0.38282  0.88281  0.4961
0.44706  0.39063  0.89062  0.4961
0.45098  0.39844  0.89844  0.4961
0.4549  0.41016  0.90625  0.4961
0.45882  0.41797  0.91406  0.4961
0.46275  0.42579  0.92187  0.4961
0.46667  0.4336  0.92969  0.4961
0.47059  0.44141  0.9375  0.4961
0.47451  0.44923  0.94531  0.4961
0.47843  0.45313  0.95312  0.4961
0.48235  0.46094  0.96094  0.4961
0.48628  0.47266  0.96875  0.4961
0.4902  0.47656  0.97656  0.4961
0.49412  0.48827  0.98438  0.4961
0.49804  0.49219  0.99219  0.4961
0.50196  0.5039  0.99609  0.4961
0.50588  0.51173  0.99609  0.4961
0.5098  0.51562  0.99609  0.4961
0.51372  0.52345  0.99609  0.4961
0.51765  0.53124  0.99609  0.4961
0.52157  0.53905  0.99609  0.4961
0.52549  0.55077  0.99609  0.4961
0.52941  0.55859  0.99609  0.4961
0.53333  0.5664  0.99609  0.4961
0.53726  0.57421  0.99609  0.49219
0.54118  0.58203  0.99609  0.49219
0.5451  0.58984  0.99609  0.49219
0.54902  0.59765  0.99609  0.49219
0.55294  0.60546  0.99609  0.49219
0.55686  0.61328  0.99609  0.49219
0.56078  0.62109  0.99609  0.49219
0.56471  0.6289  0.99609  0.49219
0.56863  0.63671  0.99609  0.49219
0.57255  0.64453  0.99609  0.49219
0.57647  0.65234  0.99609  0.49219
0.58039  0.66015  0.99609  0.49219
0.58431  0.66796  0.99609  0.49219
0.58823  0.67578  0.99609  0.49219
0.59216  0.68359  0.99609  0.49219
0.59608  0.6914  0.99609  0.49219
0.6  0.69921  0.99609  0.49219
0.60392  0.70703  0.99609  0.49219
0.60784  0.71484  0.99609  0.49219
0.61177  0.72265  0.99609  0.49219
0.61569  0.73047  0.99609  0.49219
0.61961  0.73828  0.99609  0.49219
0.62353  0.74609  0.99609  0.49219
0.62745  0.7539  0.99609  0.49219
0.63137  0.76172  0.99609  0.49219
0.63529  0.76953  0.99609  0.49219
0.63922  0.77734  0.99609  0.49219
0.64314  0.78515  0.99609  0.49219
0.64706  0.79297  0.99609  0.49219
0.65098  0.80078  0.99609  0.49219
0.6549  0.80859  0.99609  0.49219
0.65882  0.8164  0.99609  0.49219
0.66275  0.82422  0.99609  0.49219
0.66667  0.83203  0.99609  0.49219
0.67059  0.83984  0.99609  0.49219
0.67451  0.84765  0.99609  0.49219
0.67843  0.85547  0.99609  0.49219
0.68235  0.86328  0.99609  0.49219
0.68627  0.87109  0.99609  0.49219
0.6902  0.8789  0.99609  0.49219
0.69412  0.88672  0.99609  0.49219
0.69804  0.89453  0.99609  0.49219
0.70196  0.90234  0.99609  0.48827
0.70588  0.91016  0.99609  0.48827
0.7098  0.91797  0.99609  0.48827
0.71373  0.92578  0.99609  0.48827
0.71765  0.92969  0.99609  0.48827
0.72157  0.94141  0.99609  0.48827
0.72549  0.94531  0.99609  0.48827
0.72941  0.95703  0.99609  0.48827
0.73333  0.96484  0.99609  0.48827
0.73725  0.97266  0.99609  0.48827
0.74118  0.98047  0.99609  0.48827
0.7451  0.98828  0.99609  0.48827
0.74902  0.99609  0.99609  0.48827
0.75294  0.99609  0.99609  0.49219
0.75686  0.99609  0.99609  0.4961
0.76078  0.99609  0.99609  0.50001
0.76471  0.99609  0.99609  0.5039
0.76863  0.99609  0.99609  0.5078
0.77255  0.99609  0.99609  0.51173
0.77647  0.99609  0.99609  0.51952
0.78039  0.99609  0.99609  0.52345
0.78431  0.99609  0.99609  0.52734
0.78824  0.99609  0.99609  0.53124
0.79216  0.99609  0.99609  0.53515
0.79608  0.99609  0.99609  0.53905
0.8  0.99609  0.99609  0.54296
0.80392  0.99609  0.99609  0.54687
0.80784  0.99609  0.99609  0.55077
0.81176  0.99609  0.99609  0.55468
0.81569  0.99609  0.99609  0.55859
0.81961  0.99609  0.99609  0.5664
0.82353  0.99609  0.99609  0.57031
0.82745  0.99609  0.99609  0.57421
0.83137  0.99609  0.99609  0.57812
0.83529  0.99609  0.99609  0.58203
0.83922  0.99609  0.99609  0.58593
0.84314  0.99609  0.99609  0.58984
0.84706  0.99609  0.99609  0.59374
0.85098  0.99609  0.99609  0.59765
0.8549  0.99609  0.99609  0.60156
0.85882  0.99609  0.99609  0.60546
0.86274  0.99609  0.99609  0.61328
0.86667  0.99609  0.99609  0.61718
0.87059  0.99609  0.99609  0.62109
0.87451  0.99609  0.99609  0.62499
0.87843  0.99609  0.99609  0.6289
0.88235  0.99609  0.99609  0.63281
0.88628  0.99609  0.99609  0.63671
0.8902  0.99609  0.99609  0.64062
0.89412  0.99609  0.99609  0.64453
0.89804  0.99609  0.99609  0.64843
0.90196  0.99609  0.99609  0.65234
0.90588  0.99609  0.99609  0.66015
0.9098  0.99609  0.99609  0.66406
0.91373  0.99609  0.99609  0.66796
0.91765  0.99609  0.99609  0.67187
0.92157  0.99609  0.99609  0.67578
0.92549  0.99609  0.99609  0.67968
0.92941  0.99609  0.99609  0.68359
0.93333  0.99609  0.99609  0.68749
0.93725  0.99609  0.99609  0.6914
0.94118  0.99609  0.99609  0.69531
0.9451  0.99609  0.99609  0.69921
0.94902  0.99609  0.99609  0.70703
0.95294  0.99609  0.99609  0.71093
0.95686  0.99609  0.99609  0.71484
0.96078  0.99609  0.99609  0.71875
0.96471  0.99609  0.99609  0.72265
0.96863  0.99609  0.99609  0.72656
0.97255  0.99609  0.99609  0.73047
0.97647  0.99609  0.99609  0.73437
0.98039  0.99609  0.99609  0.73828
0.98431  0.99609  0.99609  0.74218
0.98823  0.99609  0.99609  0.74609
0.99216  0.99609  0.99609  0.7539
0.99608  0.99609  0.99609  0.75781
1  0.99609  0.99609  0.76172